,0,1,2,3,4,5,6,7,8,9,10,11,12,13,14,15
0,15719940.0,0.0,35.17,3.75,2.0,1.0,1.0,0.0,0.0,1.0,6.0,0.0,2.0,0.0,201.0,0.0
1,15761158.0,0.0,16.5,1.25,2.0,11.0,4.0,0.25,0.0,1.0,1.0,0.0,2.0,108.0,98.99999999999999,0.0
2,15711742.0,0.0,23.0,1.835,2.0,5.0,3.0,0.0,0.0,1.0,1.0,0.0,2.0,200.0,53.99999999999999,0.0
3,15761733.0,0.0,16.08,0.335,2.0,1.0,1.0,0.0,0.0,1.0,1.0,0.0,2.0,160.0,127.0,0.0
4,15770995.0,0.0,40.33,8.125,1.0,4.0,4.0,0.165,0.0,1.0,2.0,0.0,2.0,184.0,19.0,0.0
5,15666166.0,0.0,20.08,0.125,2.0,11.0,4.0,1.0,0.0,1.0,1.0,0.0,2.0,240.0,769.0,1.0
6,15797767.0,1.0,25.17,3.0,2.0,8.0,4.0,1.25,0.0,1.0,1.0,0.0,2.0,0.0,23.0,0.0
7,15736399.0,0.0,36.58,0.29,2.0,1.0,1.0,0.0,0.0,1.0,10.0,0.0,2.0,200.0,19.0,0.0
8,15766734.0,0.0,27.17,1.25,2.0,1.0,1.0,0.0,0.0,1.0,1.0,0.0,2.0,92.0,301.0,0.0
9,15804235.0,1.0,29.5,0.58,2.0,9.0,4.0,0.29,0.0,1.0,1.0,0.0,2.0,340.0,2804.0,0.0
10,15667934.0,0.0,57.58,2.0,2.0,1.0,1.0,6.5,0.0,1.0,1.0,0.0,2.0,0.0,11.0,0.0
11,15665087.0,0.0,18.250000000000004,10.0,2.0,9.0,4.0,1.0,0.0,1.0,1.0,0.0,2.0,120.0,2.0,0.0
12,15791944.0,1.0,19.42,7.249999999999999,2.0,7.000000000000001,4.0,0.04,0.0,1.0,1.0,0.0,2.0,100.0,2.0,0.0
13,15767264.0,1.0,74.83,19.0,1.0,1.0,1.0,0.04,0.0,1.0,2.0,0.0,2.0,0.0,352.0,0.0
14,15704581.0,1.0,23.749999999999996,0.415,1.0,8.0,4.0,0.04,0.0,1.0,2.0,0.0,2.0,128.0,7.0,0.0
15,15761854.0,1.0,31.250000000000004,2.835,2.0,1.0,1.0,0.0,0.0,1.0,5.0,0.0,2.0,176.0,147.0,0.0
16,15725776.0,1.0,23.08,0.0,2.0,4.0,4.0,1.0,0.0,1.0,11.0,0.0,1.0,0.0,1.0,0.0
17,15815040.0,1.0,19.0,0.0,1.0,1.0,1.0,0.0,0.0,1.0,4.0,0.0,2.0,45.0,2.0,0.0
18,15697460.0,1.0,22.0,0.79,2.0,9.0,4.0,0.29,0.0,1.0,1.0,0.0,2.0,420.0,284.0,0.0
19,15788442.0,1.0,19.58,0.585,2.0,1.0,1.0,0.0,0.0,1.0,3.0,0.0,2.0,350.0,770.0,0.0
20,15737998.0,1.0,18.83,0.415,1.0,8.0,4.0,0.165,0.0,1.0,1.0,0.0,2.0,200.0,2.0,0.0
21,15586183.0,1.0,17.08,0.25,2.0,11.0,4.0,0.335,0.0,1.0,4.0,0.0,2.0,160.0,9.0,0.0
22,15718921.0,1.0,16.33,2.75,2.0,6.0,4.0,0.665,0.0,1.0,1.0,0.0,2.0,80.0,22.0,0.0
23,15633944.0,1.0,31.250000000000004,1.125,2.0,1.0,1.0,0.0,0.0,1.0,1.0,0.0,2.0,96.0,20.0,0.0
24,15607988.0,1.0,38.42,0.705,2.0,8.0,4.0,0.375,0.0,1.0,2.0,0.0,2.0,225.0,501.0,0.0
25,15801072.0,1.0,39.58,5.0,2.0,1.0,1.0,0.0,0.0,1.0,2.0,0.0,2.0,17.0,2.0,0.0
26,15683993.0,1.0,16.0,3.125,2.0,9.0,4.0,0.085,0.0,1.0,1.0,0.0,2.0,0.0,7.0,0.0
27,15744044.0,1.0,23.250000000000004,12.625,2.0,8.0,4.0,0.125,0.0,1.0,2.0,0.0,2.0,0.0,5553.0,0.0
28,15632010.0,1.0,35.75,2.415,2.0,9.0,4.0,0.125,0.0,1.0,2.0,0.0,2.0,220.0,2.0,0.0
29,15627365.0,1.0,24.42,2.0,2.0,9.999999999999998,2.0,0.165,0.0,1.0,2.0,0.0,2.0,320.0,1301.0,0.0
30,15573798.0,1.0,32.25,14.0,1.0,1.0,1.0,0.0,0.0,1.0,2.0,0.0,2.0,160.0,2.0,0.0
31,15647295.0,1.0,69.17,9.0,2.0,1.0,1.0,4.0,0.0,1.0,1.0,0.0,2.0,70.0,7.0,0.0
32,15576680.0,1.0,24.08,0.875,2.0,7.000000000000001,4.0,0.085,0.0,1.0,4.0,0.0,2.0,254.0,1951.0000000000002,0.0
33,15620570.0,1.0,25.42,0.54,2.0,9.0,4.0,0.165,0.0,1.0,1.0,0.0,2.0,272.0,444.99999999999994,0.0
34,15592412.0,1.0,41.0,0.04,2.0,9.999999999999998,4.0,0.04,0.0,1.0,1.0,0.0,1.0,560.0,1.0,1.0
35,15790113.0,1.0,17.5,22.0,3.0,1.0,7.0,0.0,0.0,0.0,0.0,1.0,3.0,450.0,100001.0,1.0
36,15776921.0,1.0,26.33,13.0,2.0,9.999999999999998,2.0,0.0,0.0,0.0,0.0,1.0,2.0,140.0,1111.0,0.0
37,15571121.0,0.0,15.83,0.585,2.0,8.0,8.0,1.5,1.0,1.0,2.0,0.0,2.0,100.0,1.0,1.0
38,15660390.0,0.0,58.67,4.46,2.0,11.0,8.0,3.04,1.0,1.0,6.0,0.0,2.0,43.0,561.0,1.0
39,15748552.0,0.0,30.669999999999998,12.0,2.0,8.0,4.0,2.0,1.0,1.0,1.0,0.0,2.0,220.0,20.0,1.0
40,15757467.0,0.0,52.83,15.0,2.0,8.0,4.0,5.5,1.0,1.0,14.0,0.0,2.0,0.0,2201.0,1.0
41,15682576.0,0.0,32.17,1.46,2.0,9.0,4.0,1.085,1.0,1.0,16.0,0.0,2.0,120.0,2080.0,1.0
42,15642391.0,0.0,20.42,0.835,2.0,11.0,4.0,1.585,1.0,1.0,1.0,0.0,2.0,0.0,1.0,1.0
43,15815443.0,0.0,57.08,19.5,2.0,8.0,4.0,5.5,1.0,1.0,7.0,0.0,2.0,0.0,3001.0,1.0
44,15748432.0,0.0,58.33,10.0,2.0,11.0,4.0,4.0,1.0,1.0,14.0,0.0,2.0,0.0,1603.0000000000002,1.0
45,15577515.0,0.0,68.67,15.0,2.0,9.999999999999998,9.0,0.0,1.0,1.0,14.0,0.0,2.0,0.0,3377.0,1.0
46,15598802.0,0.0,47.42,8.0,2.0,9.999999999999998,5.0,6.5,1.0,1.0,6.0,0.0,2.0,375.0,51101.0,1.0
47,15708714.0,0.0,18.749999999999996,7.5,2.0,11.0,4.0,2.71,1.0,1.0,5.0,0.0,2.0,184.0,26727.0,1.0
48,15705343.0,0.0,20.33,10.0,2.0,8.0,8.0,1.0,1.0,1.0,4.0,0.0,2.0,50.0,1466.0,1.0
49,15657778.0,0.0,24.749999999999996,3.0,2.0,11.0,8.0,1.835,1.0,1.0,19.0,0.0,2.0,0.0,501.0,1.0
50,15652658.0,0.0,33.08,4.625,2.0,11.0,8.0,1.625,1.0,1.0,2.0,0.0,2.0,0.0,1.0,1.0
51,15635244.0,0.0,20.67,3.0,2.0,11.0,4.0,0.165,1.0,1.0,3.0,0.0,2.0,100.0,7.0,1.0
52,15624595.0,0.0,22.42,11.25,1.0,14.000000000000002,8.0,0.75,1.0,1.0,4.0,0.0,2.0,0.0,322.0,1.0
53,15688264.0,0.0,19.67,0.21,2.0,11.0,8.0,0.29,1.0,1.0,11.0,0.0,2.0,80.0,100.0,1.0
54,15771856.0,0.0,24.5,12.75,2.0,8.0,5.0,4.75,1.0,1.0,2.0,0.0,2.0,73.0,444.99999999999994,1.0
55,15648876.0,0.0,60.92,5.0,2.0,6.0,4.0,4.0,1.0,1.0,4.0,0.0,2.0,0.0,100.0,1.0
56,15679394.0,0.0,36.0,1.0,2.0,8.0,4.0,2.0,1.0,1.0,11.0,0.0,2.0,0.0,457.0,1.0
57,15720644.0,0.0,40.33,7.540000000000001,1.0,11.0,8.0,8.0,1.0,1.0,14.0,0.0,2.0,0.0,2301.0,1.0
58,15696287.0,0.0,58.42,21.0,2.0,3.0,5.0,10.0,1.0,1.0,13.0,0.0,2.0,0.0,6700.999999999999,1.0
59,15795079.0,0.0,19.17,8.585,2.0,13.0,8.0,0.75,1.0,1.0,7.0,0.0,2.0,96.0,1.0,1.0
60,15746258.0,0.0,24.08,0.5,2.0,11.0,8.0,1.25,1.0,1.0,1.0,0.0,2.0,0.0,679.0,1.0
61,15644878.0,0.0,47.25,0.75,2.0,11.0,8.0,2.75,1.0,1.0,1.0,0.0,2.0,333.0,893.0,1.0
62,15671987.0,0.0,25.0,12.33,2.0,13.0,8.0,3.5,1.0,1.0,6.0,0.0,2.0,400.0,459.0,1.0
63,15773776.0,0.0,35.42,12.0,2.0,11.0,8.0,14.0,1.0,1.0,8.0,0.0,2.0,0.0,6591.000000000001,1.0
64,15778345.0,0.0,17.83,11.0,2.0,14.000000000000002,8.0,1.0,1.0,1.0,11.0,0.0,2.0,0.0,3001.0,1.0
65,15581700.0,0.0,25.42,1.125,2.0,11.0,4.0,1.29,1.0,1.0,2.0,0.0,2.0,200.0,1.0,0.0
66,15700511.0,0.0,28.5,3.04,1.0,14.000000000000002,8.0,2.54,1.0,1.0,1.0,0.0,2.0,70.0,1.0,1.0
67,15791769.0,0.0,26.92,13.5,2.0,11.0,8.0,5.0,1.0,1.0,2.0,0.0,2.0,0.0,5001.0,1.0
68,15629133.0,0.0,18.42,9.25,2.0,11.0,4.0,1.21,1.0,1.0,4.0,0.0,2.0,60.0,541.0,1.0
69,15604963.0,0.0,23.250000000000004,5.875,2.0,11.0,4.0,3.17,1.0,1.0,10.0,0.0,2.0,120.0,246.00000000000003,1.0
70,15776494.0,0.0,27.42,14.499999999999998,2.0,14.000000000000002,8.0,3.085,1.0,1.0,1.0,0.0,2.0,120.0,12.0,1.0
